[gd_scene load_steps=10 format=3 uid="uid://dxvvlck8lej3f"]

[ext_resource type="Environment" uid="uid://jvmpkdwaeaq" path="res://scenes/main-environment.tres" id="1_q8fpv"]
[ext_resource type="PackedScene" uid="uid://dl2ed4gkybggf" path="res://objects/player.tscn" id="2_elriq"]
[ext_resource type="Script" path="res://scripts/hud.gd" id="3_s8mkj"]
[ext_resource type="Theme" uid="uid://bk25b7t1pyb5e" path="res://sprites/hud_theme.tres" id="4_1mbh4"]
[ext_resource type="PackedScene" uid="uid://dpm3l05d7fu35" path="res://objects/platform.tscn" id="5_3s40e"]
[ext_resource type="FontFile" uid="uid://gw00hd1cdgb0" path="res://fonts/Steamwreck-07pd.ttf" id="5_xuq60"]
[ext_resource type="PackedScene" uid="uid://bvx5cvigosg0s" path="res://objects/platform_large_grass.tscn" id="7_wggef"]
[ext_resource type="PackedScene" uid="uid://d2g78tpqbyf5g" path="res://objects/enemy.tscn" id="8_7ty2f"]
[ext_resource type="Script" path="res://sounds/music/Ovani Plugin 1.4/OvaniPlayer.gd" id="6_4kkd5"]
[ext_resource type="Script" path="res://sounds/music/Ovani Plugin 1.4/OvaniSong.gd" id="7_v0ud1"]
[ext_resource type="PackedScene" uid="uid://bvx5cvigosg0s" path="res://objects/environment/platform_large_grass.tscn" id="7_wggef"]
[ext_resource type="PackedScene" uid="uid://d2g78tpqbyf5g" path="res://objects/enemies/enemy.tscn" id="8_7ty2f"]
[ext_resource type="AudioStream" uid="uid://cwxfa10t1kmke" path="res://sounds/music/Abyss (RT 6.21 sec)/Horror Abyss Intensity 1.ogg" id="8_n73d1"]
[ext_resource type="AudioStream" uid="uid://bu3obp3nh6sta" path="res://sounds/music/Abyss (RT 6.21 sec)/Horror Abyss Intensity 2.ogg" id="9_twa3k"]
[ext_resource type="AudioStream" uid="uid://bka54c3yxeegr" path="res://sounds/music/Abyss (RT 6.21 sec)/Horror Abyss Main.ogg" id="10_i16ht"]
[ext_resource type="AudioStream" uid="uid://bsdc7nolcgap" path="res://sounds/music/Abyss (RT 6.21 sec)/Horror Abyss Cut 30.ogg" id="11_daof6"]
[ext_resource type="AudioStream" uid="uid://bfne03hbniwgu" path="res://sounds/music/Abyss (RT 6.21 sec)/Horror Abyss Cut 60.ogg" id="12_ax6sf"]

[sub_resource type="LabelSettings" id="LabelSettings_fpmwk"]
line_spacing = 4.0
font = ExtResource("5_xuq60")
font_size = 60
outline_size = 2
outline_color = Color(0, 0, 0, 1)
shadow_size = 8
shadow_color = Color(0, 0, 0, 0.509804)

[sub_resource type="Resource" id="Resource_5pg2s"]
script = ExtResource("7_v0ud1")
Intensity1 = ExtResource("8_n73d1")
Intensity2 = ExtResource("9_twa3k")
Intensity3 = ExtResource("10_i16ht")
Loop30 = ExtResource("11_daof6")
Loop60 = ExtResource("12_ax6sf")
ReverbTail = 0.0
SongMode = 0

[node name="Main" type="Node3D"]

[node name="WorldEnvironment" type="WorldEnvironment" parent="."]
environment = ExtResource("1_q8fpv")

[node name="Player" parent="." node_paths=PackedStringArray("crosshair") instance=ExtResource("2_elriq")]
crosshair = NodePath("../HUD/Crosshair")

[node name="Sun" type="DirectionalLight3D" parent="."]
transform = Transform3D(-0.422618, -0.694272, 0.582563, 0, 0.642788, 0.766044, -0.906308, 0.323744, -0.271654, 0, 0, 0)
shadow_enabled = true
shadow_opacity = 0.75

[node name="HUD" type="CanvasLayer" parent="."]
script = ExtResource("3_s8mkj")

[node name="Crosshair" type="TextureRect" parent="HUD"]
anchors_preset = 8
anchor_left = 0.5
anchor_top = 0.5
anchor_right = 0.5
anchor_bottom = 0.5
offset_left = -20.0
offset_top = -20.0
offset_right = 20.0
offset_bottom = 20.0
grow_horizontal = 2
grow_vertical = 2
scale = Vector2(0.35, 0.35)
pivot_offset = Vector2(64, 64)

[node name="Health" type="Label" parent="HUD"]
offset_left = 48.0
offset_top = 627.0
offset_right = 137.0
offset_bottom = 669.0
size_flags_horizontal = 0
size_flags_vertical = 8
theme = ExtResource("4_1mbh4")
text = "100%"
label_settings = SubResource("LabelSettings_fpmwk")
vertical_alignment = 2

[node name="OvaniPlayer" type="Node" parent="HUD"]
script = ExtResource("6_4kkd5")
QueuedSongs = Array[ExtResource("7_v0ud1")]([SubResource("Resource_5pg2s")])

[node name="Enemies" type="Node" parent="."]

[node name="enemy-flying" parent="Enemies" node_paths=PackedStringArray("player") instance=ExtResource("8_7ty2f")]
transform = Transform3D(1, 0, 0, 0, 1, 0, 0, 0, 1, -3.5, 2.5, -6)
player = NodePath("../../Player")

[node name="enemy-flying2" parent="Enemies" node_paths=PackedStringArray("player") instance=ExtResource("8_7ty2f")]
transform = Transform3D(-4.37114e-08, 0, 1, 0, 1, 0, -1, 0, -4.37114e-08, -9.5, 2.5, 1.5)
player = NodePath("../../Player")

[node name="enemy-flying3" parent="Enemies" node_paths=PackedStringArray("player") instance=ExtResource("8_7ty2f")]
transform = Transform3D(-0.707107, 0, -0.707107, 0, 1, 0, 0.707107, 0, -0.707107, 5.5, 3.5, 9)
player = NodePath("../../Player")

[node name="enemy-flying4" parent="Enemies" node_paths=PackedStringArray("player") instance=ExtResource("8_7ty2f")]
transform = Transform3D(0.707107, 0, -0.707107, 0, 1, 0, 0.707107, 0, 0.707107, 15.5, 4, -7.5)
player = NodePath("../../Player")

[node name="Level" type="Node" parent="."]

[node name="platform" parent="Level" instance=ExtResource("5_3s40e")]
transform = Transform3D(1, 0, 0, 0, 1, 0, 0, 0, 1, -2.5, 0, 6.5)

[node name="platform2" parent="Level" instance=ExtResource("5_3s40e")]
transform = Transform3D(1, 0, 0, 0, 1, 0, 0, 0, 1, -6.5, 2.5, -2.5)

[node name="platform3" parent="Level" instance=ExtResource("5_3s40e")]
transform = Transform3D(1, 0, 0, 0, 1, 0, 0, 0, 1, 2.5, 3, -3.5)

[node name="platform4" parent="Level" instance=ExtResource("5_3s40e")]
transform = Transform3D(0.707107, 0, -0.707107, 0, 1, 0, 0.707107, 0, 0.707107, 7, 1, -2)

[node name="platform-large-grass" parent="Level" instance=ExtResource("7_wggef")]
transform = Transform3D(1, 0, 0, 0, 1, 0, 0, 0, 1, 0, -0.5, 0)

[node name="platform-large-grass2" parent="Level" instance=ExtResource("7_wggef")]
transform = Transform3D(0.965926, 0, 0.258819, 0, 1, 0, -0.258819, 0, 0.965926, -2, 0.5, -6)

[node name="platform-large-grass3" parent="Level" instance=ExtResource("7_wggef")]
transform = Transform3D(0.965926, 0, -0.258819, 0, 1, 0, 0.258819, 0, 0.965926, -6, 1, 2.5)

[node name="platform-large-grass5" parent="Level" instance=ExtResource("7_wggef")]
transform = Transform3D(0.866026, 0, -0.5, 0, 1, 0, 0.5, 0, 0.866026, 12, 2.5, -5)

[node name="platform-large-grass4" parent="Level" instance=ExtResource("7_wggef")]
transform = Transform3D(0.965926, 0, 0.258819, 0, 1, 0, -0.258819, 0, 0.965926, 5, 0.5, 5.5)

[node name="Decoration" type="Node" parent="."]

[connection signal="health_updated" from="Player" to="HUD" method="_on_health_updated"]
